"DESCRIPTION","DURATION IN MS","NAME","PARENT SUITE","START TIME","STATUS","STOP TIME","SUB SUITE","SUITE","TEST CLASS","TEST METHOD"
"","1435","should login with valid credentials","My Web application on env: STAGE","2026-09-04","failed","2026-09-04","","","",""
